.__C__Rcpp_Ramp <-
<S4 object of class structure("refClassRepresentation", package = "methods")>
.__global__ <-
c("callSuper", "close", "copy", "export", "field", "finalize", 
"get3DMap", "getAllScanHeaderInfo", "getClass", "getFilename", 
"getInstrumentInfo", "getLastScan", "getPeakList", "getRefClass", 
"getRunInfo", "getScanHeaderInfo", "import", "initFields", "OK", 
"open", "show", "trace", "untrace", "usingMethods")
.Random.seed <-
c(403L, 26L, 1841185143L, 1698229918L, -22127272L, -484340549L, 
851538521L, 817060328L, -173253610L, 926623633L, 938289219L, 
-357986478L, -2034322460L, 1506953767L, -172440963L, -1184515212L, 
-2039163046L, 1666797989L, 1191136703L, -272060858L, 503512272L, 
-918743309L, -395538415L, 2011207232L, -1810908642L, 1817916649L, 
-1834664421L, 431160874L, 392274252L, -325907697L, 951721541L, 
-1186191364L, -411566510L, -564878387L, -1099330169L, 511395950L, 
1014304840L, 406954571L, 1927577513L, 132075256L, 728680998L, 
-1897569471L, -1539536685L, -449598334L, 362547892L, -261939657L, 
-1733147347L, -757846460L, -1057672342L, 621551573L, 1049659759L, 
251348086L, -305819744L, 569727075L, -624689919L, -1420472208L, 
1455356942L, 1716591737L, 1620421643L, 1021330746L, 15094844L, 
1010688895L, 1019752661L, 1579451628L, 1832721986L, -427724387L, 
-1418583017L, 1281194366L, 453549880L, -1086990309L, -1014376071L, 
252641224L, -190667786L, 839906865L, 1657983075L, -29495246L, 
350719364L, -633637945L, 1742714525L, 1332272660L, -139549510L, 
630198533L, -1930915105L, -1232683162L, 1111217904L, 769666579L, 
-1934760015L, -917425568L, -2068639746L, 733790089L, 2083117243L, 
-1666214774L, -450664596L, 855848175L, -121938139L, -1628829220L, 
191215538L, -1037484371L, 805336679L, 1230849422L, -420203928L, 
793161323L, -289044471L, 1386608280L, 220230086L, -296443615L, 
671576499L, -345764574L, -872208620L, -1110630505L, -1570537587L, 
-2071199068L, -333247350L, -1517051147L, 979666255L, 2133725782L, 
2045391104L, 1211401283L, -568817695L, 461793104L, -34055762L, 
512087897L, 1820515691L, -855800614L, 2141359516L, -1056853601L, 
706122741L, -468139380L, 1269155682L, -2135902403L, 877694903L, 
644947038L, 1977307544L, -682380037L, 727384217L, 1807184168L, 
-1990653994L, 2131797073L, 671338243L, -655276398L, -723074012L, 
-670659865L, -240132291L, -1099604044L, -1560984550L, -790782107L, 
1131627007L, 1217334406L, 466948112L, 216748723L, -1549872815L, 
-1076711168L, 1457320926L, 1639456809L, -840648741L, -1226824470L, 
725025420L, -2000347697L, 764367237L, -190485956L, 1753190162L, 
2100098061L, 590167879L, -1785004754L, -1172472696L, -902633077L, 
-1584926359L, -1516668104L, 114140646L, 897548673L, -1428515565L, 
-1296936254L, 1417837940L, 1556839799L, -1048246675L, 1749076228L, 
-208528342L, 422392213L, -1356372433L, 347194166L, 1274084192L, 
1870266787L, -1259289919L, 719936176L, 1969051086L, -536868551L, 
932455755L, 137064186L, 900800508L, -1488281537L, -1042654955L, 
-952442324L, -578277630L, -51446819L, -1804749097L, 1600422334L, 
640771064L, 1858951131L, 249047609L, 979364744L, -848356554L, 
377227633L, -1566956637L, -1211043086L, 14553668L, -495043321L, 
-26884899L, -1867107884L, -746154758L, 274910277L, -1618060129L, 
-1688584666L, 1856060080L, 1094133587L, 55321201L, 1829007264L, 
490391358L, 54513225L, -1843057925L, 774593226L, -604877780L, 
1991087151L, -299975451L, 297022876L, -522995726L, -2063293843L, 
495380391L, 1259592142L, 2053664552L, 489988754L, -1400880864L, 
-793982516L, 874070752L, 1661466818L, -1306905560L, -2141947988L, 
-744561988L, 523922418L, 1428360752L, -499431516L, -2144260680L, 
-1145903270L, 1195683984L, -1336106116L, -635367148L, 569108802L, 
170256640L, 928083388L, 931940688L, -656013022L, -283155896L, 
-1302910964L, -1288018340L, -1223620142L, -816534016L, 1405992276L, 
1657539816L, 612239610L, 1957199568L, -1795437780L, 471869684L, 
-216751726L, -254958240L, 275993612L, -1752625952L, 624734818L, 
-166927192L, 422822988L, 1262763900L, -440387278L, 578339440L, 
1498592068L, 327662552L, -1713198214L, 329046064L, -1253048388L, 
-1277801900L, 2020962370L, -1156634976L, -1024613700L, -2106629168L, 
-1189522078L, 190136040L, 722853068L, -869484036L, 1554488818L, 
-1755554688L, 1884101108L, -1663229304L, 1656888122L, -1184668336L, 
322217068L, 434482580L, -1740461998L, -737075744L, 204362956L, 
1750982304L, -527404670L, -2078654232L, -907351316L, -323642052L, 
971303026L, 610370160L, 800643620L, 2036303928L, 1953954074L, 
-247077680L, -58664644L, -222760044L, -1967720574L, 1704455104L, 
1240757820L, -707624560L, -489510878L, 315206920L, -886503284L, 
-358691044L, 2053348498L, 1454411136L, -2109001708L, -662919384L, 
-1577286086L, 2051852752L, 2052792684L, 679975860L, 1356952082L, 
-712345632L, -1230759476L, -130000672L, -275737566L, -1267860696L, 
423995916L, 1792561980L, 1963501554L, 465330928L, -90117564L, 
2066601560L, -1237567686L, 1915828208L, -577992004L, 1158554900L, 
1575840962L, -167801760L, 1658838396L, -493838384L, -1889793758L, 
-1620578648L, -1188487284L, -976517956L, 1661645618L, 432461376L, 
1978512564L, 410438728L, 1524600250L, 418789904L, 1492323564L, 
1776103764L, 1876564754L, -749484640L, 464859852L, 1654639200L, 
218900418L, -90512600L, -1036467796L, -1128123076L, 504775538L, 
1915602224L, -1343299804L, 1221764408L, -1995372838L, 1555158928L, 
-1734565124L, 129547156L, 822592578L, -2041508608L, 881983548L, 
-1845113520L, -1855408990L, 515242824L, 1293954828L, -1523192100L, 
-1533278382L, 684574336L, 469561428L, 1890829288L, 22457082L, 
1518275920L, 671209260L, -1010726028L, 219415442L, 1683212896L, 
-999288948L, 1824135008L, -898876446L, 1395952552L, 220572876L, 
-167294468L, -1341534286L, 2059427312L, 779763140L, -788041384L, 
-577698438L, -1307714128L, -1088715844L, -1497307052L, -1710399550L, 
-1139337184L, 69202108L, -2020599216L, -1802496030L, -1637769624L, 
1553309260L, 178923772L, 473116658L, -1440471808L, 1576770420L, 
1856837640L, -1172559430L, 1013075408L, -144108564L, 1720036244L, 
-1114289198L, -131272864L, 621295948L, -285662944L, 1594306434L, 
-875933976L, -1731479316L, -629670340L, -1487969422L, 1849214576L, 
507391012L, 1617583928L, -2117140326L, 574834384L, -1229183812L, 
-1303197036L, -600221054L, 1219416256L, 1438180668L, -1683912560L, 
1325661730L, -1300596216L, 98293004L, -160603492L, -1581623790L, 
-1680592512L, -1346067948L, -404177368L, -540753606L, -1970889776L, 
-92746132L, 1444379444L, 2018718354L, -278985376L, 265712972L, 
-1899355047L, -780363317L, 1523374652L, 1247466602L, -616446305L, 
-977466583L, 1467828158L, -692914516L, -1286456323L, 535565127L, 
853759024L, -1751632562L, 51981691L, 2137152221L, 839424778L, 
-1097688536L, -168308079L, 1168806531L, -721988732L, 1585314226L, 
1283892999L, -873372335L, 458190038L, -1094235724L, 1359977925L, 
-2043245297L, -391521400L, 1287979686L, -599862701L, 1249098677L, 
161171730L, 1489476320L, 162828105L, -857939589L, -1223160756L, 
-1493570086L, -935702577L, -2133216871L, -748502610L, 151256764L, 
1187278637L, 683003095L, -557828832L, 512189054L, 244034635L, 
1629044301L, 1143841914L, -981580616L, -1120129439L, -1813736429L, 
878780980L, -1312177086L, 1520008279L, 575379361L, -680384410L, 
-1457131420L, -278164587L, -168477505L, -763237288L, -2047289226L, 
-135509885L, -1586124603L, -1972099614L, 1279757392L, 1896211833L, 
-1443276117L, -255065572L, 411393354L, 644236607L, -873348215L, 
675773342L, -1943348660L, -1653556195L, 1452348839L, -326702896L, 
1026718318L, -19847909L, -375775619L, 1615588458L, -1571055352L, 
1855720881L, 1487366691L, -1464905948L, -143034414L, 246256679L, 
1031065201L, 772764854L, -1269173164L, -574747419L, 357349615L, 
778038312L, -28141434L, 1392960179L, 551429141L, -925632910L, 
710865600L, -1308518615L, -1899522661L, 1542795884L, -1402591622L, 
591599535L, -518507847L, -1269637938L, 172422684L, -1098068595L, 
121232375L, 959045376L, 1748088158L, 1325145643L, 628101421L, 
1367764378L, 1281342296L, -1118551359L, -1563007629L, -307235180L, 
